index,word
1,的
2,原告
3,被告
4,元
5,年
6,月
7,在
8,本院
9,为
10,日
11,规定
12,与
13,不
14,申请
15,了
16,支付
17,对
18,仲裁
19,由
20,裁定
21,向
22,后
23,本
24,其
25,第
26,工资
27,责任
28,及
29,和
30,审理
31,争议
32,劳动
33,中
34,赔偿
35,期间
36,申请人
37,于
38,证据
39,并
40,中华人民共和国
41,判决
42,本案
43,号
44,是
45,未
46,证明
47,予以
48,内
49,承担
50,依法
51,财产
52,至
53,之日起
54,工作
55,提供
56,该
57,要求
58,根据
59,应当
60,关于
61,主张
62,将
63,解除
64,起诉
65,民事
66,合同
67,依照
68,事实
69,关系
70,等
71,送达
72,请求
73,交通事故
74,不服
75,如下
76,双方
77,认定
78,不予
79,经
80,有
81,发生
82,因
83,事故
84,没有
85,被申请人
86,执行
87,应
88,法律
89,按
90,进行
91,保全
92,案件
93,法院
94,诉讼法
95,劳动合同
96,人民法院
97,损失
98,签订
99,确认
100,裁决
101,已
102,上诉
103,车辆
104,故
105,支持
106,履行
107,但
108,委员会
109,范围
110,当事人
111,人
112,之
113,一案
114,诉讼
115,上诉人
116,提出
117,内向
118,天
119,受理
120,单位
121,作出
122,保险
123,委托
124,时
125,符合
126,所
127,约定
128,交强险
129,股份
130,条
131,职工
132,自
133,问题
134,如
135,均
136,诉讼请求
137,医院
138,复议
139,原
140,聘用
141,被
142,限额
143,担保
144,相关
145,以
146,我
147,医疗费
148,认为
149,属于
150,费用
151,负担
152,也
153,存在
154,商业
155,查明
156,代理人
157,驳回
158,原审
159,部分
160,按照
161,协议
162,机动车
163,字
164,提交
165,本院认为
166,生效
167,情况
168,人事
169,依据
170,无
171,驾驶
172,期限
173,财产保险
174,劳动人事
175,险
176,鉴定
177,参加
178,上述
179,被上诉人
180,计算
181,标准
182,义务
183,合作
184,中心
185,纠纷
186,受理费
187,系
188,上
189,以下
190,同意
191,之间
192,而
193,收到
194,给
195,万元
196,事业单位
197,且
198,造成
199,伤残
200,处理
201,联社
202,农村信用
203,认可
204,经济
205,撤销
206,到
207,发放
208,人员
209,可
210,经审查
211,不能
212,个
213,给付
214,通知
215,住院
216,提起
217,其他
218,冻结
219,称
220,投保
221,办理
222,意见
223,辩称
224,终结
225,赔偿金
226,到庭
227,已经
228,无异议
229,从
230,鉴定费
231,用人单位
232,简称
233,时间
234,退休
235,就
236,实际
237,费
238,处
239,或
240,现已
241,管理
242,项
243,停止
244,受伤
245,逾期
246,共计
247,决定
248,转让
249,立即
250,适用法律
251,最高人民法院
252,损害
253,作为
254,有关
255,裁定书
256,企业
257,若干
258,日至
259,人民币
260,补贴
261,劳动者
262,护理费
263,缴纳
264,交通费
265,判决书
266,全部
267,年休假
268,出具
269,真实性
270,因此
271,理由
272,诉前
273,股权
274,文件
275,公开
276,可自
277,人民
278,即
279,内容
280,可以
281,日起
282,精神
283,手续
284,异议
285,适用
286,违反
287,开庭
288,金额
289,超过
290,裁决书
291,成立
292,补偿金
293,确定
294,陈述
295,对方
296,所有
297,另
298,前
299,综上
300,递交
301,发票
302,权利
303,一次性
304,或者
305,一审
306,利息
307,补助费
308,行为
309,死亡
310,医疗
311,误工费
312,司法鉴定
313,组成
314,中级
315,上诉状
316,现
317,员工
318,书面
319,待遇
320,道路
321,每月
322,对于
323,质证
324,合议庭
325,庭审
326,查封
327,股东
328,下
329,相应
330,调解
331,合法
332,人数
333,护理
334,年度
335,账户
336,其中
337,副本
338,亦
339,以上
340,合同法
341,答辩
342,抚慰金
343,以及
344,辞退
345,解释
346,日止
347,月份
348,错误
349,安排
350,离职
351,判令
352,加班
353,营养费
354,伙食
355,工伤
356,债务
357,残疾
358,社会保险
359,是否
360,享受
361,同时
362,二审
363,诉称
364,指定
365,证实
366,明确
367,保险合同
368,金钱
369,经营
370,如果
371,过程
372,第三者
373,治疗
374,不足
375,终止
376,合理
377,通知书
378,岗位
379,赔付
380,起
381,协议书
382,新华
383,新
384,采信
385,情形
386,律师费
387,审查
388,又
389,应予
390,时效
391,行驶
392,任何
393,支出
394,仍
395,上班
396,变更
397,主要
398,收取
399,无法
400,加倍
401,数额
402,本次
403,轿车
404,法定
405,住房
406,迟延
407,存款
408,自己
409,不是
410,一直
411,仲裁委
412,程序
413,合计
414,项目
415,国家
416,对此
417,材料
418,强制保险
419,供暖费
420,有效
421,并未
422,差额
423,福利待遇
424,具体
425,不得
426,本人
427,法律依据
428,工作人员
429,交纳
430,仲裁法
431,票据
432,各项
433,部门
434,及其
435,期
436,给予
437,据此
438,休息
439,基本
440,垫付
441,过错
442,侵权
443,劳动法
444,复印件
445,按本
446,辞职
447,举证
448,具有
449,说明
450,酌情
451,产生
452,补偿
453,再
454,乙方
455,条例
456,继续
457,从事
458,撤回
459,通过
460,登记
461,都
462,由于
463,各
464,过
465,领取
466,计
467,至今
468,诉
469,返还
470,调整
471,小型
472,条件
473,损害赔偿
474,违法
475,立案
476,报销
477,人身
478,办法
479,银行
480,包括
481,学校
482,自动
483,甲方
484,扣除
485,养老保险
486,财险
487,补助金
488,表示
489,律师
490,认定书
491,月工资
492,汽车
493,有限责任
494,事发
495,载明
496,个人
497,民初
498,绩效
499,再审
500,服务
501,意见书
502,工程
503,条款
504,结合
505,告知
506,民事判决
507,构成
508,房屋
509,社保
510,未能
511,正确
512,营养
513,份
514,收入
515,人事关系
516,记录
517,款项
518,减半
519,经过
520,损失费
521,分别
522,属
523,超出
524,重新
525,道路交通
526,准许
527,案外人
528,固定
529,政策
530,还
531,诉至
532,平安
533,方式
534,比例
535,抵押
536,交警部门
537,上述事实
538,维持
539,告诉
540,机构
541,社会
542,平均工资
543,直接
544,补发
545,驳回上诉
546,导致
547,工伤保险
548,原因
549,研究所
550,共同
551,安全法
552,事项
553,过户
554,购买
555,非
556,生活
557,考核
558,需要
559,出资
560,劳务
561,报告
562,评估
563,审判员
564,佐证
565,主体
566,诉讼费
567,简易程序
568,与其
569,运输
570,带薪
571,加班费
572,不计
573,负
574,证人
575,采暖费
576,身份
577,致
578,厂
579,并无不当
580,缺乏
581,普通
582,太平洋
583,价格
584,自行
585,应由
586,衣物
587,事故责任
588,使用
589,买卖
590,书
591,一致
592,无效
593,报酬
594,实施
595,严重
596,支行
597,合同书
598,骨折
599,实行
600,相撞
601,多次
602,协商
603,基金
604,程度
605,该项
606,开始
607,享有
608,用工
609,关联性
610,签字
611,才
612,失业
613,保险人
614,之前
615,车牌号
616,知道
617,编制
618,曾
619,教师
620,真实
621,正常
622,拟
623,理赔
624,驾驶员
625,之后
626,合法权益
627,采纳
628,为此
629,路
630,预交
631,责任法
632,津贴
633,伤情
634,涉案
635,负责
636,受损
637,未休
638,被保险人
639,小型汽车
640,改制
641,法律效力
642,生活费
643,医疗保险
644,燃油
645,诉请
646,肇事
647,款
648,当时
649,不再
650,承保
651,能力
652,货车
653,达成
654,必须
655,民事裁定
656,订立
657,参照
658,后果
659,诊断
660,整合
661,分许
662,一方
663,视为
664,解决
665,奖金
666,行政
667,发展
668,出租汽车
669,社会保险费
670,补助
671,临沂
672,代理费
673,民事诉讼
674,拖欠
675,档案
676,承包
677,需
678,技术
679,分配
680,负有
681,双倍
682,投资
683,信用社
684,该证据
685,被告人
686,保险条款
687,故对
688,诉讼费用
689,自行车
690,影响
691,来
692,保险金
693,事实清楚
694,并非
695,等级
696,原则
697,牌号
698,保险单
699,出院
700,法定代表
701,人民政府
702,组织
703,维持原判
704,形成
705,损坏
706,资金
707,虽
708,补缴
709,担任
710,全额
711,业务
712,停薪留职
713,保险法
714,其余
715,充分
716,保
717,请
718,每天
719,结果
720,期满
721,交通警察
722,有权
723,调查
724,劳动报酬
725,重型
726,高
727,赔偿款
728,虽然
729,表
730,最低工资
731,甲
732,受
733,小时
734,职务
735,误工
736,天数
737,形式
738,事业
739,营运
740,生产
741,足额
742,住院治疗
743,批准
744,领导
745,电动
746,共
747,制度
748,完成
749,建设
750,法规
751,经济损失
752,及时
753,维护
754,事宜
755,焦点
756,销售
757,拒绝
758,显示
759,损伤
760,病历
761,信托
762,酌定
763,综上所述
764,取得
765,财产损失
766,恢复
767,建立
768,收据
769,清单
770,进入
771,公积金
772,笔录
773,综合
774,再次
775,公安局
776,终审
777,但是
778,联合
779,现金
780,修理费
781,此
782,伤害
783,同年
784,仅
785,放弃
786,方案
787,自愿
788,本起
789,被执行人
790,正式
791,鉴定结论
792,信息
793,大队
794,传唤
795,应该
796,分
797,研究院
798,在职
799,旷工
800,下列
801,在案
802,周
803,就业
804,资产
805,住房补贴
806,驾驶证
807,管辖权
808,改革
809,所以
810,福利
811,鉴定人
812,日期
813,教育
814,免
815,专业
816,沿
817,干部
818,签名
819,凭证
820,学院
821,物流
822,日内
823,政府
824,代理
825,牌
826,则
827,镇
828,性质
829,同
830,工资表
831,主文
832,作
833,二倍
834,内部
835,免赔
836,制定
837,医保
838,含
839,达
840,合法性
841,诉讼时效
842,记载
843,责任险
844,指
845,平安保险
846,待岗
847,考虑
848,机关
849,结算
850,同志
851,安全
852,属实
853,年限
854,退休职工
855,一审判决
856,证言
857,后续
858,结论
859,人力资源
860,正当理由
861,核定
862,科技
863,针对
864,服务中心
865,撤诉
866,法定程序
867,活动
868,付款
869,侵害
870,保护
871,终审判决
872,停工
873,单
874,投保人
875,规章制度
876,外
877,这
878,当庭
879,意思
880,岗
881,中学
882,缴费
883,出租车
884,违约金
885,完毕
886,法人
887,优先
888,碰撞
889,应为
890,过高
891,该车
892,单方
893,次要
894,两车
895,施救
896,审判
897,交通
898,增加
899,初字
900,营业执照
901,强制
902,侵权人
903,建筑
904,基本工资
905,大学
906,附属
907,工人
908,教育局
909,土地
910,却
911,劳人仲案
912,左
913,接受
914,工作岗位
915,公告
916,目前
917,无关
918,目的
919,明细
920,挂靠
921,养老
922,债权
923,居住
924,分局
925,连续
926,除名
927,持有
928,保单
929,非机动车
930,反映
931,抚恤金
932,获得
933,退还
934,意外
935,评估费
936,涉及
937,城镇居民
938,生
939,周岁
940,教职工
941,要
942,货物
943,人寿保险
944,价值
945,支队
946,受害人
947,客车
948,公路
949,基础
950,单据
951,分社
952,离退休
953,受案
954,口头
955,维修
956,未经
957,达到
958,保险金额
959,遂
960,之一
961,开发
962,位于
963,到期
964,责任保险
965,门诊
966,日前
967,一定
968,城镇
969,只
970,决定书
971,安置
972,利益
973,具备
974,遗属
975,答复
976,申诉
977,证明书
978,该院
979,借款
980,同等
981,为证
982,发
983,抗辩
984,小学
985,辅助
986,多
987,合同纠纷
988,核实
989,资料
990,用于
991,普格
992,明显
993,奖励
994,做
995,应于
996,仲裁庭
997,丧葬费
998,管辖
999,承诺
1000,工地
1001,改判
1002,劳人仲案
1003,法律法规
1004,原件
1005,现场
1006,每年
1007,去
1008,申请书
1009,决议
1010,院
1011,租赁
1012,该案
1013,致使
1014,名下
1015,发出
1016,行驶证
1017,所述
1018,违约
1019,能够
1020,得到
1021,六个月
1022,伤亡
1023,法庭
1024,路口
1025,统筹
1026,发现
1027,人均
1028,为准
1029,郑州
1030,拒
1031,花费
1032,供养
1033,病史
1034,车
1035,受到
1036,证
1037,任务
1038,做出
1039,提成
1040,停发
1041,先行
1042,资格
1043,法医鉴定
1044,对象
1045,首先
1046,你
1047,生育
1048,车损
1049,他
1050,处分
1051,原告
1052,物业
1053,所在单位
1054,保险费
1055,提出异议
1056,内在
1057,除
1058,地
1059,采取
1060,退休年龄
1061,审核
1062,独任
1063,批复
1064,并且
1065,补充
1066,方
1067,发给
1068,剩余
1069,离岗
1070,不符
1071,节假日
1072,被告方
1073,地点
1074,另外
1075,治疗费
1076,贷款
1077,足以
1078,摩托车
1079,用
1080,沈阳
1081,医药费
1082,中华
1083,器具
1084,因为
1085,基于
1086,卫生院
1087,长期
1088,保证
1089,标的
1090,疾病
1091,评定
1092,国际
1093,伪造
1094,会议
1095,举证责任
1096,养老金
1097,当日
1098,开庭审理
1099,既
1100,离开
1101,研究
1102,名义
1103,不当
1104,两份
1105,一并处理
1106,效力
1107,满
1108,所有权
1109,住所地
1110,以后
1111,合并
1112,办事处
1113,伙食费
1114,中医院
1115,大地
1116,商业保险
1117,谁
1118,反诉
1119,愿意
1120,从未
1121,完全
1122,下发
1123,即使
1124,设立
1125,赔率
1126,请假
1127,招聘
1128,低于
1129,雇佣
1130,设备
1131,财务
1132,东
1133,卫生局
1134,注销
1135,基数
1136,车主
1137,账号
1138,保障
1139,不应
1140,手术
1141,原被告
1142,派遣
1143,工龄
1144,农村
1145,连带
1146,右
1147,明
1148,大
1149,相同
1150,十级
1151,保障局
1152,而且
1153,病假
1154,为了
1155,重大
1156,人寿
1157,各自
1158,聘请
1159,一个
1160,工资标准
1161,另行
1162,移交
1163,按规定
1164,考勤
1165,农业
1166,留薪期
1167,诉求
1168,签署
1169,卷
1170,名
1171,尚未
1172,聘任
1173,取暖费
1174,身份证
1175,豫
1176,公章
1177,施工
1178,不利
1179,冀
1180,不同
1181,转让款
1182,并于
1183,同一
1184,人事局
1185,约
1186,行使
1187,困难
1188,经营者
1189,煤矿
1190,擅自
1191,附加
1192,鉴于
1193,让
1194,独生子女
1195,破产
1196,办公室
1197,挂
1198,检查
1199,说
1200,法
1201,股东会
1202,发工资
1203,转移
1204,养老保险费
1205,自身
1206,最后
1207,阳光
1208,两个
1209,司机
1210,无需
1211,统一
1212,休息日
1213,用以
1214,建筑工程
1215,财保
1216,装饰
1217,人保
1218,只是
1219,经营部
1220,保险期限
1221,三个
1222,临时
1223,扣发
1224,承担责任
1225,所在地
1226,他人
1227,能
1228,可能
1229,煤炭
1230,参保
1231,森泽
1232,民
1233,先由
1234,不足以
1235,计划
1236,时许
1237,减少
1238,不满
1239,续签
1240,包含
1241,国务院
1242,据
1243,在编
1244,百货
1245,确实
1246,勘查
1247,未果
1248,冬季
1249,曹
1250,工会
1251,暂行规定
1252,由北向南
1253,职业
1254,油价
1255,进一步
1256,独立
1257,出
1258,会
1259,亲属
1260,未向
1261,主管部门
1262,不适
1263,财政
1264,加盖
1265,供热
1266,提前
1267,丧失
1268,主体资格
1269,传票
1270,方面
1271,合格
1272,太平
1273,代表
1274,累计
1275,大连
1276,因素
1277,平方米
1278,审批
1279,实业
1280,公估
1281,太保
1282,所有人
1283,实施办法
1284,存续
1285,已于
1286,解除合同
1287,清楚
1288,行人
1289,我方
1290,我们
1291,三年
1292,出勤
1293,余款
1294,人事档案
1295,值班
1296,在内
1297,注册
1298,收费
1299,无忧
1300,华侨
1301,信访
1302,事务所
1303,各种
1304,此后
1305,队
1306,遭受
1307,认证
1308,保安
1309,待
1310,电器
1311,直系亲属
1312,培训
1313,负责人
1314,付清
1315,房
1316,欲
1317,本法
1318,杭州
1319,户籍
1320,壹分
1321,由西向东
1322,增资
1323,选择
1324,克扣
1325,中断
1326,工商
1327,每日
1328,试行
1329,免除
1330,名称
1331,设计
1332,项下
1333,若
1334,联系
1335,民法通则
1336,丧葬
1337,查询
1338,信
1339,连带责任
1340,级
1341,权益
1342,下同
1343,反驳
1344,此次
1345,皖
1346,号文
1347,电视台
1348,停车费
1349,云秀
1350,权利义务
1351,伤后
1352,至此
1353,所致
1354,牵引车
1355,照准
1356,酒店
1357,由南向北
1358,至于
1359,找
1360,乙
1361,公正
1362,就诊
1363,起诉人
1364,难以
1365,户口
1366,办
1367,现在
1368,深圳
1369,未予
1370,该款
1371,同日
1372,中保
1373,分行
1374,申报
1375,第二项
1376,奖
1377,交易
1378,京港
1379,公民
1380,半挂
1381,于法无据
1382,任
1383,休
1384,由东向西
1385,回
1386,范畴
1387,仍然
1388,依
1389,清算
1390,迅达
1391,管理局
1392,调入
1393,交接
1394,行业
1395,街道
1396,退休金
1397,骑
1398,处理意见
1399,不清
1400,公安机关
1401,先后
1402,科学技术
1403,届满
1404,隐瞒
1405,考勤表
1406,期限内
1407,假
1408,上级
1409,补充协议
1410,扶养
1411,省
1412,职
1413,参与
1414,父母
1415,采暖
1416,只能
1417,止
1418,村民
1419,开除
1420,置业
1421,占
1422,规范
1423,直至
1424,把
1425,授权
1426,出现
1427,产品
1428,免责
1429,患者
1430,签订合同
1431,只有
1432,经理
1433,其于
1434,次
1435,汇票
1436,分析
1437,注册资本
1438,接收
1439,必要
1440,事由
1441,社会保障
1442,购房
1443,中国农业银行
1444,家属
1445,村
1446,最终
1447,尚
1448,引起
1449,权证
1450,幼儿园
1451,应先
1452,转
1453,提出申请
1454,当地
1455,安装
1456,其次
1457,卫生
1458,故其
1459,无故
1460,特殊
1461,未为
1462,显然
1463,工商登记
1464,缺席
1465,邮寄
1466,本合同
1467,于法
1468,完善
1469,玻璃
1470,解聘
1471,币种
1472,不属
1473,否则
1474,护理人员
1475,两次
1476,先
1477,第三项
1478,全民
1479,特
1480,拖欠工资
1481,总经理
1482,加以
1483,祥和
1484,工资收入
1485,自本
1486,局
1487,控制
1488,食品
1489,机动车辆
1490,主任
1491,签收
1492,住宿费
1493,前述
1494,调解书
1495,主管
1496,我国
1497,管理人员
1498,资质
1499,电梯
1500,公安
1501,一切
1502,而是
1503,期内
1504,召开
1505,工资待遇
1506,由此
1507,广西
1508,收费站
1509,权
1510,父亲
1511,调取
1512,承兑汇票
1513,建议
1514,机械
1515,救济费
1516,损失赔偿
1517,保留
1518,明确规定
1519,人口
1520,理应
1521,凭
1522,因果关系
1523,按时
1524,就是
1525,间
1526,会计
1527,长安
1528,手册
1529,前提
1530,损失险
1531,每人
1532,第一次
1533,实体
1534,余额
1535,调动
1536,提取
1537,因该
1538,矿业
1539,印发
1540,冶金
1541,书面通知
1542,份额
1543,部
1544,定损
1545,死者
1546,日以
1547,系统
1548,平均
1549,休假
1550,归
1551,违背
1552,制作
1553,各方
1554,适当
1555,房地产
1556,所在
1557,电子
1558,折算
1559,可供执行
1560,室
1561,关联
1562,电话
1563,成品油
1564,还是
1565,者
1566,入职
1567,更
1568,发布
1569,应予以
1570,广州
1571,收条
1572,延长
1573,无证据
1574,文化
1575,上岗
1576,县
1577,处于
1578,交付
1579,即墨
1580,看
1581,年终奖
1582,盖章
1583,询问笔录
1584,自主
1585,法定期限
1586,表明
1587,另有
1588,追加
1589,退养
1590,税费
1591,产权
1592,还款
1593,路段
1594,大型
1595,丈夫
1596,工资单
1597,保证金
1598,终局
1599,非法
1600,一套
1601,受益人
1602,派出所
1603,挂车
1604,行
1605,邮政储蓄
1606,状态
1607,左右
1608,乌鲁木齐
1609,核算
1610,右侧
1611,讨论
1612,特别
1613,工资总额
1614,理
1615,出庭作证
1616,薪酬
1617,行政部门
1618,多年
1619,贸易
1620,总
1621,否认
1622,移送
1623,适格
1624,技术人员
1625,试用期
1626,欠
1627,强制性
1628,退
1629,期为
1630,家庭
1631,计划生育
1632,事
1633,引发
1634,报
1635,客观
1636,填写
1637,合伙
1638,价款
1639,中心医院
1640,乡
1641,同期
1642,取消
1643,客户
1644,合同制
1645,如未
1646,快递
1647,高兴
1648,公示
1649,协商一致
1650,职责
1651,致残
1652,此款
1653,虚假
1654,赔款
1655,九天
1656,左侧
1657,地产
1658,维修费
1659,提示
1660,退休证
1661,函
1662,公平
1663,作业
1664,綦江
1665,经查
1666,电磁线
1667,照片
1668,直属
1669,旅行社
1670,一致意见
1671,正当
1672,一般
1673,保全费
1674,建工
1675,该份
1676,责令
1677,医学
1678,应诉
1679,子女
1680,备案
1681,伤者
1682,使用权
1683,一张
1684,成为
1685,浙
1686,一事
1687,事实上
1688,相
1689,面积
1690,时止
1691,东方
1692,录音
1693,协助
1694,退回
1695,施行
1696,此外
1697,证书
1698,终字
1699,措施
1700,就医
1701,主动
1702,录用
1703,一并
1704,来源
1705,苏州
1706,管理处
1707,伤
1708,未作
1709,来看
1710,明细表
1711,无权
1712,暂行办法
1713,湖北
1714,道
1715,全体
1716,生前
1717,出票
1718,确有
1719,该组
1720,人才
1721,我院
1722,职高
1723,所谓
1724,站
1725,邮政
1726,经办
1727,农村居民
1728,可予
1729,一种
1730,点
1731,检验
1732,始终
1733,对外
1734,粤
1735,年满
1736,地方
1737,考勤记录
1738,已满
1739,电力
1740,应得
1741,纳入
1742,号车
1743,未办理
1744,前置程序
1745,天平
1746,何
1747,审计
1748,所属
1749,聘用制
1750,会议纪要
1751,设计院
1752,出示
1753,人事部
1754,之日止
1755,渝
1756,中止
1757,其它
1758,强制执行
1759,监督
1760,编号
1761,营业部
1762,分流
1763,车上
1764,货款
1765,管理中心
1766,偿还
1767,店
1768,所有制
1769,董事会
1770,法医
1771,承诺书
1772,教学
1773,清偿
1774,债权债务
1775,送
1776,医嘱
1777,租金
1778,风险
1779,因病
1780,审批表
1781,修理
1782,财政局
1783,人仲字
1784,西
1785,应对
1786,补办
1787,集体
1788,用药
1789,复印
1790,总额
1791,这一
1792,一日
1793,实现
1794,登记表
1795,住宅
1796,页
1797,故该
1798,利率
1799,南
1800,乾观
1801,陕西
1802,财政部
1803,任职
1804,企业法人
1805,人为
1806,之日
1807,出生
1808,达成协议
1809,交通运输
1810,山
1811,法律文书
1812,华安
1813,海域
1814,背书
1815,承认
1816,应休
1817,来院
1818,二轮
1819,金色
1820,厅
1821,当年
1822,去世
1823,落实
1824,结构
1825,仲裁员
1826,目标
1827,办公厅
1828,人仲委裁
1829,开具
1830,组
1831,因伤
1832,收款
1833,中小学
1834,此项
1835,转入
1836,打印
1837,纺织
1838,就此
1839,变化
1840,信用证
1841,询问
1842,约束力
1843,这些
1844,每
1845,支配
1846,货币
1847,成
1848,收集
1849,原系
1850,印章
1851,母亲
1852,高级人民法院
1853,工时
1854,送往
1855,违约责任
1856,年底
1857,罗文
1858,有效期
1859,有误
1860,支票
1861,整体
1862,平等
1863,男
1864,证据不足
1865,二期
1866,地质矿产
1867,米
1868,故应
1869,以外
1870,万
1871,供暖
1872,两年
1873,南京
1874,常爱
1875,当
1876,相互
1877,持异议
1878,武汉
1879,须
1880,指标
1881,抚养人
1882,好
1883,印证
1884,操作
1885,建中
1886,计发
1887,更名
1888,故意
1889,侵犯
1890,转账
1891,路桥
1892,下属
1893,得知
1894,执行程序
1895,民事案件
1896,电动车
1897,件
1898,状况
1899,乘坐
1900,汇入
1901,审判长
1902,不负
1903,保管
1904,分担
1905,运营
1906,暖气费
1907,年龄
1908,打卡
1909,三期
1910,副
1911,本金
1912,次日
1913,案情
1914,职业病
1915,分理处
1916,九级
1917,清理
1918,光明
1919,法官
1920,没
1921,起至
1922,为宜
1923,钱
1924,团体
1925,江苏
1926,结束
1927,报社
1928,现有
1929,江南
1930,宣判
1931,咨询
1932,使
1933,工期
1934,取出
1935,零时
1936,强险
1937,司法
1938,后经
1939,收回
1940,变动
1941,赔险
1942,劳人仲字
1943,产业
1944,减轻
1945,五年
1946,月底
1947,交给
1948,客运
1949,持有异议
1950,如何
1951,全面
1952,根本
1953,凭据
1954,林场
1955,司法解释
1956,寿
1957,以前
1958,德
1959,注明
1960,村委会
1961,石
1962,重复
1963,这个
1964,刚
1965,半挂车
1966,允许
1967,接到
1968,配合
1969,用品
1970,入院
1971,工贸
1972,啤酒
1973,居民
1974,用户
1975,力
1976,南宁
1977,知晓
1978,外伤
1979,投保单
1980,欠款
1981,限制
1982,职工基本
1983,申请表
1984,会计师
1985,养老保险金
1986,分中心
1987,系数
1988,特约
1989,法律责任
1990,该委
1991,营业
1992,号牌
1993,介绍
1994,工作日
1995,疗伤
1996,否定
1997,上访
1998,镇政府
1999,已过
2000,承包合同
2001,劳动局
2002,医学院
2003,回复
2004,所举
2005,一部分
2006,机动车行驶
2007,人民陪审员
2008,两项
2009,附件
2010,承包经营
2011,总医院
2012,三项
2013,相反
2014,邮件
2015,讼争
2016,年终
2017,续订
2018,案由
2019,书写
2020,执业
2021,胁迫
2022,留薪
2023,通力
2024,准予
2025,不妥
2026,全年
2027,枉法
2028,声明
2029,诉争
2030,名册
2031,功能
2032,保险费用
2033,服务期
2034,管理条例
2035,请示
2036,放假
2037,工作制
2038,速递
2039,通知单
2040,谈话
2041,回执
2042,复查
2043,意愿
2044,工商行政管理局
2045,劳动纪律
2046,自卸
2047,入股
2048,委托书
2049,审
2050,救济
2051,额度
2052,质量
2053,个体
2054,财会
2055,系争
2056,落款
2057,职务行为
2058,春节
2059,未满
2060,阶段
2061,发表
2062,医药
2063,国家有关
2064,赔偿损失
2065,户口簿
2066,经费
2067,途径
2068,索赔
2069,在编人员
2070,利润
2071,检测
2072,营销
2073,实施细则
2074,患有
2075,身故
2076,下肢
2077,必然
2078,查阅
2079,专家
2080,下达
2081,建设工程
2082,校长
2083,工种
2084,任教
2085,退股
2086,预付
2087,介绍信
2088,答辩状
2089,同月
2090,制
2091,人身保险
2092,许可证
2093,职权
2094,延时
2095,交通局
2096,商贸
2097,思理
2098,拆除
2099,上报
2100,误
2101,人事部门
2102,中型
2103,扣减
2104,诉辩
2105,国庆
2106,煤业
2107,最高
2108,健康权
2109,物损
2110,绩效考核
2111,高级
2112,搬迁
2113,兑现
2114,自然人
2115,商报
2116,收购
2117,防暑降温
2118,机耕
2119,劳人
2120,级别
2121,依约
2122,打击
2123,文字
2124,胜利
2125,应付
2126,国有企业
2127,清洁
2128,交警
2129,夫妻
2130,能源
2131,装修
2132,报告书
2133,物业管理
2134,解散
2135,在此期间
2136,实质
2137,服装
2138,书面形式
2139,单车
2140,事后
2141,依法处理
2142,专用
2143,机制
2144,修改
2145,政办发
2146,违规
2147,交警支队
2148,宣告
2149,具体情况
2150,抢救无效
2151,停产
2152,核对
2153,日为
2154,经常
2155,相符
2156,持股
2157,当年度
2158,代码证
2159,回家
2160,辩解
2161,起诉状
2162,经商
2163,文书
2164,设置
2165,补休
2166,财政部门
2167,剥夺
2168,科
2169,丢失
2170,临鉴
2171,主持
2172,大众
2173,总计
2174,融资
2175,出差
2176,号码
2177,尚属
2178,表现
2179,结清
2180,医师
2181,药
2182,机构编制
2183,人事处
2184,查清
2185,帐户
2186,卡
2187,所签
2188,航空
2189,案二审
2190,广播
2191,学生
2192,工程师
2193,险内
2194,角度
2195,积极
2196,董事
2197,提高
2198,补贴费
2199,健康
2200,确认书
2201,相对
2202,二款
2203,服饰
2204,索贿受贿
2205,责任书
2206,拒赔
2207,购车
2208,服务部
2209,历史
2210,工资卡
2211,出资额
2212,抵扣
2213,代为
2214,经营范围
2215,型
2216,事件
2217,持续
2218,交流
2219,撞击
2220,滞纳金
2221,分立
2222,中共
2223,分项
2224,线索
2225,场所
2226,儿子
2227,经营权
2228,总社
2229,奖励性
2230,赔偿义务
2231,保额
2232,发行
2233,交警大队
2234,采购
2235,股金
2236,补偿款
2237,成功
2238,限期
2239,农场
2240,合理合法
2241,工程机械
2242,欠发
2243,签发
2244,职能部门
2245,工商局
2246,并案
2247,纪
2248,办发
2249,入住
2250,出台
2251,农民
2252,机器厂
2253,船舶
2254,后期
2255,协调
2256,复核
2257,申请费
2258,合作社
2259,利用
2260,各类
2261,已付
2262,均系
2263,多发
2264,抢救
2265,逃逸
2266,拆迁
2267,遗留
2268,检查费
2269,出发
2270,资本
2271,额
2272,毕业
2273,补交
2274,续聘
2275,银行卡
2276,恶意
2277,承租
2278,指令
2279,配偶
2280,病
2281,挂号
2282,扣
2283,开展
2284,不可抗力
2285,徇私舞弊
2286,出售
2287,撞
2288,定期
2289,借用
2290,职工工资
2291,联
2292,催告
2293,回证
2294,欺诈
2295,服务费
2296,三方
2297,小客车
2298,联营
2299,公务员
2300,警告
2301,报案
2302,保函
2303,总金额
2304,管理制度
2305,差旅费
2306,公利
2307,计生委
2308,鉴定书
2309,公职
2310,残值
2311,证件
2312,承包人
2313,车费
2314,国家机关
2315,出版社
2316,拥有
2317,不育
2318,不孕
2319,木业
2320,银行存款
2321,罚款
2322,专用章
2323,和解
2324,自认
2325,赔偿标准
2326,留在
2327,中央
2328,车间
2329,排除
2330,认真
2331,裁判
2332,贵院
2333,开户行
2334,大庙
2335,代表大会
2336,基层
2337,不变
2338,包装
2339,持票人
2340,加付
2341,不合理
2342,案涉
2343,足以认定
2344,内退
2345,现行
2346,次数
2347,交运
2348,辆
2349,缴存
2350,各负
2351,双休日
2352,尽快
2353,应从
2354,车载
2355,营收
2356,即便
2357,写明
2358,环保
2359,工勤
2360,利害关系
2361,患病
2362,艺术
2363,代表人
2364,同事
2365,复函
2366,手机
2367,对价
2368,全员
2369,无论
2370,组建
2371,自负
2372,业主
2373,公有住房
2374,外商投资
2375,客观事实
2376,承揽
2377,粉碎性
2378,间接
2379,餐饮
2380,重要
2381,康复
2382,劳动部
2383,违纪
2384,管委会
2385,弄
2386,陪护
2387,开立
2388,承租人
2389,财建
2390,出血
2391,举示
2392,骑行
2393,侵权行为
2394,持
2395,回校
2396,门
2397,未到
2398,社
2399,终身
2400,教委
2401,人事制度
2402,人员编制
2403,吊销
2404,自付
2405,类型
2406,碱业
2407,家
2408,成因
2409,因公
2410,验资
2411,临床
2412,首创
2413,确保安全
2414,工程施工
2415,功能障碍
2416,非农业
2417,体检
2418,业务员
2419,假肢
2420,前方
2421,应聘
2422,债权人
2423,毕业生
2424,回购
2425,户口本
2426,冠发
2427,欠付
2428,要件
2429,负伤
2430,货物运输
2431,新增
2432,完整
2433,民事行为
2434,工
2435,公证处
2436,干活
2437,限
2438,分房
2439,通行
2440,签订协议
2441,突然
2442,继承
2443,优惠
2444,林业
2445,司鉴
2446,工资条
2447,出国
2448,水利水电
2449,两人
2450,请求权
2451,事务
2452,帮助
2453,建房
2454,明天
2455,公里
2456,处置
2457,考试
2458,推翻
2459,学习
2460,合同期
2461,参与度
2462,应负
2463,公证
2464,成本
2465,定时
2466,职业高中
2467,国有资产
2468,岗位津贴
2469,科室
2470,有据
2471,别墅
2472,意义
2473,社保局
2474,花名册
2475,实验
2476,资源
2477,余利
2478,原由
2479,工商户
2480,幸福
2481,消费
2482,运行
2483,清扫
2484,工业部
2485,请求事项
2486,等待
2487,研究生
2488,印刷
2489,年检
2490,工作量
2491,公告送达
2492,发动机
2493,所得
2494,轻便
2495,亿元
2496,监管
2497,重审
2498,证券
2499,房管所
2500,工资改革
2501,调出
2502,救济金
2503,大道
2504,大厦
2505,依赖
2506,账单
2507,到达
2508,委员
2509,合理性
2510,扩股
2511,初中
2512,专项基金
2513,过节费
2514,物品
2515,概念
2516,登记手续
2517,用途
2518,确保
2519,尚需
2520,原来
2521,审计报告
2522,往来
2523,不知情
2524,年初
2525,小组
2526,鉴证
2527,追尾
2528,中均
2529,转制
2530,股
2531,判断
2532,科学
2533,电子邮件
2534,行内
2535,修复
2536,设施
2537,存有
2538,网络
2539,石油
2540,部位
2541,购置
2542,同工同酬
2543,文件精神
2544,到期日
2545,该会
2546,多处
2547,接管
2548,建筑施工
2549,剔除
2550,尽到
2551,居住地
2552,汇款
2553,保养
2554,任命
2555,患
2556,行走
2557,抚恤
2558,数据
2559,手写
2560,拐杖
2561,辞职报告
2562,维权
2563,指导
2564,追索
2565,择期
2566,晋升
2567,颁布
2568,下岗
2569,保健院
2570,计件工资
2571,华东
2572,医疗期
2573,分配制度
2574,强行
2575,退出
2576,元祖
2577,通报
2578,纠纷案件
2579,新车
2580,职代会
2581,卫星
2582,和平
2583,转发
2584,私自
2585,精神痛苦
2586,部委
2587,认字
2588,聘任制
2589,开办
2590,最高额
2591,三级
2592,效益
2593,项目部
2594,开户银行
2595,补充规定
2596,自理
2597,国道
2598,三责险
2599,机会
2600,混凝土
2601,联办
2602,为止
2603,商品房
2604,体育
2605,乘车
2606,协会
2607,原始
2608,夜班
2609,纪律
2610,较大
2611,健身
2612,户名
2613,定案
2614,方法
2615,集体合同
2616,发包
2617,粮油
2618,亩
2619,高速
2620,党委
2621,刑事
2622,补
2623,承继
2624,群益
2625,绩效奖金
2626,表述
2627,占有
2628,农行
2629,常理
2630,另案
2631,政发
2632,出让
2633,代位
2634,产假
2635,培训费
2636,名字
2637,当场
2638,电业
2639,物损费
2640,上班时间
2641,雇员
2642,预留
2643,投有
2644,退工
2645,办公
2646,说法
2647,假期
2648,招用
2649,瑕疵
2650,指挥
2651,机械制造
2652,缺陷
2653,晚上
2654,单元
2655,宣布
2656,提请
2657,单独
2658,总队
2659,开支
2660,第三方
2661,曾经
2662,中应
2663,发送
2664,稳定
2665,广电局
2666,名单
2667,认购
2668,产值
2669,保存
2670,门口
2671,返回
2672,不成
2673,分厂
2674,薪资
2675,同级
2676,固定物
2677,股票
2678,环境
2679,自收自支
2680,推定
2681,病人
2682,照顾
2683,持股会
2684,标准件
2685,在家
2686,商务
2687,清退
2688,节日
2689,民事权利
2690,平均收入
2691,公交
2692,人事管理
2693,住房面积
2694,现代
2695,签章
2696,部财建
2697,加工
2698,挫裂伤
2699,行政处罚
2700,记账
2701,时均
2702,中央财政
2703,联动机制
2704,停放
2705,受托人
2706,两案
2707,保健
2708,免收
2709,房建
2710,举出
2711,所有权证
2712,诉状
2713,偿付
2714,国有
2715,无证
2716,广告
2717,退休费
2718,交通管理
2719,新建
2720,义务人
2721,脱离
2722,法定代理
2723,纪要
2724,刊登
2725,临时工
2726,索要
2727,征地
2728,最
2729,自然
2730,主
2731,医疗保障
2732,肿瘤医院
2733,扣款
2734,商
2735,从业人员
2736,法人资格
2737,钱款
2738,交涉
2739,印刷厂
2740,饭店
2741,机动车道
2742,承兑
2743,评议
2744,应有
2745,追尾
2746,转制
2747,股
2748,判断
2749,科学
2750,电子邮件
2751,行内
2752,她
2753,修复
2754,设施
2755,存有
2756,网络
2757,强劲
2758,石油
2759,部位
2760,女儿
2761,每个
2762,购置
2763,同工同酬
2764,改为
2765,文件精神
2766,到期日
2767,多处
2768,接管
2769,建筑施工
2770,剔除
2771,尽到
2772,居住地
2773,汇款
2774,保养
2775,任命
2776,航遥
2777,患
2778,行走
2779,抚恤
2780,一样
2781,数据
2782,手写
2783,椎体
2784,全
2785,拐杖
2786,辞职报告
2787,维权
2788,八级
2789,砖厂
2790,指导
2791,追索
2792,择期
2793,晋升
2794,颁布
2795,下岗
2796,泰康人寿
2797,保健院
2798,计件工资
2799,华东
2800,医疗期
2801,分配制度
2802,一半
2803,强行
2804,退出
2805,元祖
2806,通报
2807,纠纷案件
2808,新车
2809,职代会
2810,卫星
2811,和平
2812,转发
2813,渤海
2814,私自
2815,精神痛苦
2816,广路
2817,部委
2818,物
2819,认字
2820,未有
2821,聘任制
2822,整
2823,开办
2824,最高额
2825,三级
2826,旨在
2827,效益
2828,项目部
2829,开户银行
2830,唯一
2831,钢结构
2832,补充规定
2833,指出
2834,民终
2835,自理
2836,履行地
2837,国道
2838,三责险
2839,机会
2840,混凝土
2841,联办
2842,张京生
2843,为止
2844,商品房
2845,久
2846,体育
2847,乘车
2848,协会
2849,原始
2850,夜班
2851,纪律
2852,较大
2853,健身
2854,户名
2855,定案
2856,方法
2857,集体合同
2858,粮油
2859,亩
2860,高速
2861,党委
2862,刑事
2863,补
2864,承继
2865,群益
2866,绩效奖金
2867,表述
2868,占有
2869,农行
2870,常理
2871,另案
2872,所称
2873,政发
2874,出让
2875,代位
2876,产假
2877,培训费
2878,名字
2879,本条
2880,当场
2881,电业
2882,物损费
2883,如实
2884,上班时间
2885,雇员
2886,预留
2887,投有
2888,雪松
2889,退工
2890,进
2891,办公
2892,说法
2893,看到
2894,员
2895,假期
2896,招用
2897,瑕疵
2898,指挥
2899,机械制造
2900,缺陷
2901,晚上
2902,单元
2903,宣布
2904,提请
2905,益州
2906,民安
2907,单独
2908,总队
2909,依次
2910,开支
2911,第三方
2912,曾经
2913,发送
2914,稳定
2915,广电局
2916,时未
2917,内为
2918,名单
2919,认购
2920,曙光
2921,产值
2922,保存
2923,星星
2924,门口
2925,返回
2926,不成
2927,我于
2928,分厂
2929,薪资
2930,同级
2931,固定物
2932,股票
2933,环境
2934,一宗
2935,自收自支
2936,很
2937,催促
2938,推定
2939,病人
2940,照顾
2941,持股会
2942,标准件
2943,在家
2944,商务
2945,清退
2946,枫林
2947,节日
2948,民事权利
2949,平均收入
2950,公交
2951,人事管理
2952,颅脑
2953,住房面积
2954,现代
2955,签章
2956,部财建
2957,加工
2958,挫裂伤
2959,行政处罚
2960,记账
2961,时均
2962,中央财政
2963,其后
2964,联动机制
2965,停放
2966,受托人
2967,两案
2968,保健
2969,免收
2970,房建
2971,上面
2972,举出
2973,光大
2974,晨光
2975,所有权证
2976,诉状
2977,偿付
2978,国有
2979,无证
2980,广告
2981,退休费
2982,交通管理
2983,新建
2984,热
2985,显失
2986,义务人
2987,脱离
2988,法定代理
2989,纪要
2990,刊登
2991,临时工
2992,锅炉
2993,索要
2994,征地
2995,最
2996,自然
2997,主
2998,医疗保障
2999,肿瘤医院
3000,扣款
3001,腓骨
3002,从业人员
3003,少
3004,人于
3005,海生
3006,法人资格
3007,钱款
3008,交涉
3009,印刷厂
3010,饭店
3011,机动车道
3012,承兑
3013,评议
3014,应有
3015,到位
3016,该校
3017,平保
3018,塑料板材
3019,受雇
3020,无牌
3021,仅仅
3022,颁发
3023,国营
3024,水平
3025,救治
3026,无端
3027,花园
3028,其自
3029,限于
3030,仪表
3031,代缴
3032,弃教
3033,统计
3034,再行
3035,集装箱
3036,两张
3037,同类
3038,细则
3039,建行
3040,电气
3041,德赛
3042,一栏
3043,新人
3044,截至
3045,发回
3046,令
3047,票面
3048,小妹
3049,买卖合同
3050,长达
3051,城乡
3052,范士
3053,付给
3054,发回重审
3055,一致同意
3056,不准
3057,各地
3058,列入
3059,工商部门
3060,我校
3061,证照
3062,兼
3063,改造
3064,志远
3065,金玉
3066,超时
3067,调资
3068,规章
3069,即可
3070,禁止性
3071,急救
3072,指示
3073,民政
3074,位
3075,遗漏
3076,障碍
3077,工程款
3078,矿
3079,之诉
3080,两倍
3081,路边
3082,培训中心
3083,薪级
3084,前期
3085,长官
3086,装卸
3087,医方
3088,海军
3089,共有
3090,贡献
3091,柴胡
3092,交汇处
3093,中称
3094,人事厅
3095,纯收入
3096,丙方
3097,办案
3098,统计表
3099,劳社
3100,席
3101,塑业
3102,外出
3103,入编
3104,尚欠
3105,开户
3106,当代
3107,延迟
3108,但现
3109,认缴
3110,专项
3111,完
3112,应否
3113,外购
3114,季
3115,远东
3116,观点
3117,投资人
3118,什么
3119,司
3120,三天
3121,占用
3122,船涨
3123,大酒店
3124,合同条款
3125,股东大会
3126,退保
3127,不愿
3128,委托人
3129,应以
3130,欺骗
3131,被迫
3132,早晨
3133,宜
3134,上海强生
3135,泰华
3136,合意
3137,开发局
3138,文职人员
3139,机械厂
3140,不会
3141,事先
3142,合作经营
3143,遵循
3144,事情
3145,该委于
3146,工亡
3147,光电
3148,矿山
3149,伤势
3150,配件
3151,多少
3152,理工大
3153,高级中学
3154,设定
3155,转正
3156,分为
3157,调
3158,回单
3159,符合规定
3160,此案
3161,中富
3162,物资
3163,干
3164,数量
3165,总厂
3166,二项
3167,畜牧
3168,至少
3169,处时
3170,兴隆
3171,北侧
3172,汤
3173,不能证实
3174,药房
3175,金属
3176,展示
3177,元月
3178,不让
3179,有无
3180,工商银行
3181,朝阳医院
3182,南通
3183,日报
3184,理顺
3185,尚有
3186,购
3187,拨付
3188,生活来源
3189,津
3190,停付
3191,大红门
3192,暂停
3193,美元
3194,众诚
3195,敬业
3196,学历
3197,本委
3198,认识
3199,原有
3200,运业
3201,中院
3202,国民
3203,家具
3204,长桥
3205,该局
3206,类
3207,账簿
3208,航天工业
3209,叶
3210,因其
3211,控股
3212,清障
3213,七年
3214,详见
3215,之子
3216,南方
3217,前身
3218,渠道
3219,途中
3220,高玉军
3221,选煤厂
3222,转让金
3223,万顺
3224,适用范围
3225,半个
3226,环境卫生
3227,新超
3228,次级
3229,加强
3230,罚息
3231,西侧
3232,其因
3233,规划
3234,水电
3235,大家
3236,单价
3237,垫
3238,四个
3239,拾
3240,按期
3241,中国银行
3242,志强
3243,详细
3244,该所
3245,天下
3246,刘海
3247,准备
3248,飞
3249,工程项目
3250,劳务费
3251,普鲁士
3252,秀
3253,特快专递
3254,法释
3255,体制改革
3256,文武
3257,邮电局
3258,董事长
3259,地位
3260,亏损
3261,书记员
3262,制订
3263,尽管
3264,博士
3265,该次
3266,向阳
3267,并轨
3268,公路局
3269,兽医
3270,贴现
3271,社服
3272,损费
3273,带
3274,近
3275,生于
3276,车队
3277,歌舞团
3278,秩序
3279,自述
3280,日用品
3281,广大
3282,夫妇
3283,欠缴
3284,光伏
3285,国土资源
3286,险及
3287,作用
3288,上海医学院
3289,粉煤灰
3290,通信
3291,上涨
3292,车损险
3293,新财
3294,界定
3295,系在
3296,情况表
3297,吨
3298,大部分
3299,拥军
3300,计量
3301,出险
3302,列
3303,关系人
3304,半年
3305,判处
3306,农业局
3307,非全日制
3308,补齐
3309,贯彻执行
3310,妇幼保健
3311,以内
3312,商业银行
3313,签到
3314,其他费用
3315,班
3316,精神损失费
3317,时任
3318,头部
3319,擅离
3320,启动
3321,工资制度
3322,场地
3323,源
3324,随时
3325,受害
3326,式
3327,感染
3328,投了
3329,票据法
3330,紧急通知
3331,律师收费
3332,住
3333,帐号
3334,停车场
3335,得出
3336,隶属
3337,回来
3338,征缴
3339,这样
3340,安置费
3341,汇总表
3342,宅基地
3343,华泰
3344,宣传
3345,复诊
3346,况且
3347,人才交流
3348,精神障碍
3349,扣留
3350,组成部分
3351,乘客
3352,职员
3353,留学
3354,现其
3355,来源于
3356,上肢
3357,多柱
3358,清福
3359,夫妻关系
3360,休年
3361,作品
3362,贵
3363,案号
3364,行政复议
3365,驾
3366,宗
3367,重组
3368,祥
3369,主审
3370,领款
3371,通
3372,乡镇
3373,未签
3374,社保费
3375,突出
3376,为期
3377,修
3378,等等
3379,全国
3380,报废
3381,适逢
3382,掌握
3383,无果
3384,造纸厂
3385,门卫
3386,房产证
3387,提到
3388,调休
3389,禁止
3390,求偿
3391,公证书
3392,短信
3393,获取
3394,只要
3395,失效
3396,一职
3397,为限
3398,煤火
3399,从属关系
3400,机床
3401,房租
3402,拍卖
3403,真
3404,大会
3405,结婚
3406,强迫
3407,承运人
3408,保密
3409,字样
3410,计算方法
3411,体育局
3412,潮安
3413,遗失
3414,注册资金
3415,工作证
3416,受偿
3417,盛丰
3418,汽修厂
3419,医专
3420,社会保险金
3421,现原
3422,加上
3423,时期
3424,报警
3425,主导
3426,补贴款
3427,火化
3428,合伙人
3429,挪作他用
3430,规划院
3431,现象
3432,腰部
3433,利害
3434,复职
3435,停车
3436,许沟
3437,无奈
3438,特点
3439,农业户口
3440,家中
3441,存入
3442,拖延
3443,自由
3444,车道
3445,贯彻
3446,指派
3447,信号灯
3448,处理结果
3449,航天
3450,离婚
3451,月经
3452,鹤壁
3453,监事会
3454,案卷
3455,在职人员
3456,辩论
3457,惠民
3458,保险代理
3459,该条
3460,民族
3461,医学会
3462,带来
3463,失职
3464,所欠
3465,轻度
3466,称其
3467,获
3468,按原
3469,既然
3470,人员名单
3471,美德
3472,汽车模具
3473,胜任
3474,应自
3475,存折
3476,EMS
3477,特种
3478,海峰
3479,时限
3480,知情权
3481,后遗症
3482,北约
3483,停运
3484,专门
3485,而言
3486,投
3487,除了
3488,神经
3489,专款专用
3490,外轮
3491,每满
3492,通告
3493,事实根据
3494,转让费
3495,债务人
3496,交由
3497,住院费
3498,初
3499,楼
3500,追究
3501,月入
3502,仓库
3503,报表
3504,铜
3505,举办
3506,平时
3507,出来
3508,股本
3509,有交
3510,招收
3511,建材
3512,聘期
3513,组长
3514,用油
3515,科研
3516,蛛网膜
3517,休养
3518,湖滨
3519,晨曦
3520,比较
3521,失去
3522,喜
3523,能否
3524,搞
3525,然而
3526,主车
3527,过错责任
3528,整个
3529,畸形
3530,资格证
3531,员工工资
3532,投资者
3533,广场
3534,表示同意
3535,巨大
3536,因而
3537,红利
3538,标志
3539,所于
3540,美国
3541,淄博
3542,艺术团
3543,助理
3544,月初
3545,保全申请
3546,报名
3547,大量
3548,双
3549,仅为
3550,步行
3551,人马
3552,急性
3553,下腔
3554,判如
3555,套改
3556,缺席判决
3557,垃圾
3558,中心小学
3559,相悖
3560,职能
3561,进出口
3562,武侯
3563,未付
3564,劳动部门
3565,包
3566,工作日内
3567,验伤
3568,引进
3569,价
3570,病休
3571,相当于
3572,邮政局
3573,答辩期
3574,证号
3575,围垦
3576,面部
3577,东方红
3578,环球
3579,宿舍
3580,个人账户
3581,免予
3582,释明
3583,围绕
3584,五级
3585,零部件
3586,赔额
3587,公共
3588,授信
3589,博士后
3590,年薪
3591,上交
3592,五险
3593,高级职称
3594,进而
3595,特殊性
3596,自主经营
3597,称其于
3598,劳仲不字
3599,摔伤
3600,职务工资
3601,交款
3602,下半年
3603,社局
3604,双辉
3605,江西
3606,下属单位
3607,病房
3608,不交
3609,肺
3610,商调
3611,法人代表
3612,核发
3613,繁殖场
3614,损单
3615,广电
3616,经历
3617,黄河
3618,攻读
3619,东侧
3620,内应
3621,四项
3622,许可
3623,华夏
3624,广通
3625,工厂
3626,民生
3627,从业
3628,一些
3629,主观
3630,人系
3631,收件
3632,电费
3633,附近
3634,高新技术
3635,宝塔
3636,远大
3637,时至
3638,地航
3639,特定
3640,裁字
3641,定为
3642,药品
3643,卫教
3644,民立
3645,血管
3646,早上
3647,查满
3648,修建
3649,学期
3650,劳动合同制
3651,保管费
3652,模板
3653,南航
3654,威胁
3655,高大
3656,申字
3657,沪东
3658,违反规定
3659,调岗
3660,制品厂
3661,澳新
3662,腰椎
3663,著作权
3664,它
3665,非常
3666,丧事
3667,福建
3668,营运证
3669,季度
3670,约束
3671,应由其
3672,有色金属
3673,双龙
3674,养殖
3675,列明
3676,并称
3677,务必
3678,鉴字
3679,补差
3680,商城
3681,竞聘
3682,目录
3683,地块
3684,安监局
3685,推进
3686,皮石
3687,寻找
3688,心中
3689,四院
3690,可待
3691,湘
3692,劳保
3693,塑料制品
3694,其处
3695,打电话
3696,即将
3697,顺行
3698,发文
3699,处方
3700,发明
3701,金融
3702,缺勤
3703,凭单
3704,新宿
3705,伤经
3706,该法
3707,建造
3708,手续费
3709,余元
3710,确属
3711,扩大
3712,月度
3713,查证
3714,免交
3715,水泥
3716,缺失
3717,代驾
3718,权力
3719,退票
3720,理据
3721,电影
3722,效应
3723,广播电视
3724,交警队
3725,县级
3726,送到
3727,孩子
3728,核查
3729,超载
3730,人力
3731,东约
3732,CT
3733,远华
3734,中环
3735,中小学校
3736,支取
3737,四月
3738,岗位职责
3739,长兴岛
3740,天为
3741,法定条件
3742,智勇
3743,民航
3744,不需
3745,集中
3746,富泉
3747,生物
3748,阿布
3749,明细单
3750,无人
3751,违规行为
3752,仁济
3753,昌盛
3754,富坤厂
3755,局长
3756,作证
3757,奉贤
3758,虽系
3759,生病
3760,医疗卫生
3761,出纳
3762,遭到
3763,审议
3764,二十
3765,晶华
3766,净资产
3767,置换
3768,后应
3769,工伤事故
3770,登记证
3771,储运
3772,全身
3773,技术学校
3774,福利费
3775,集合
3776,医疗事故
3777,关节
3778,记录表
3779,病假条
3780,一笔
3781,海鼎
3782,财政补贴
3783,德伦
3784,显属
3785,天乙
3786,庄熙
3787,关燕玲
3788,有色
3789,警方
3790,卫生学校
3791,财务会计
3792,万余元
3793,决字
3794,照明
3795,碧海
3796,完小
3797,优惠政策
3798,明德
3799,踏板
3800,方圆
3801,白山
3802,云天
3803,借款人
3804,菱牌
3805,饭费
3806,文化局
3807,长海
3808,明智
3809,山北
3810,意外事故
3811,排班
3812,宏源
3813,佛山
3814,子
3815,采矿
3816,凌云
3817,身份证明
3818,电工
3819,扭伤
3820,卫生厅
3821,元中
3822,景观
3823,张贴
3824,百家
3825,劳资科
3826,诉权
3827,科岭
3828,何种
3829,水
3830,国丰
3831,退伙
3832,行车
3833,平湖
3834,消除
3835,贺同
3836,满足
3837,粮食
3838,个人所得税
3839,公益性
3840,完税
3841,管业
3842,公安部门
3843,经贸
3844,该社
3845,任何人
3846,华商
3847,未发
3848,切除
3849,百城
3850,考核表
3851,办学
3852,资格证书
3853,受伤害
3854,捷达
3855,不明
3856,五十
3857,足够
3858,名为
3859,真正
3860,孝感
3861,扬州
3862,辞去
3863,所提
3864,一家
3865,厦戎
3866,为主
3867,委派
3868,泰文
3869,配套
3870,会计凭证
3871,初步
3872,政策性
3873,以此为由
3874,案庭审
3875,该厂
3876,东升
3877,机电
3878,外墙
3879,精神病
3880,何时
3881,长春
3882,硕士
3883,新民
3884,金港
3885,陕地
3886,南侨
3887,西城
3888,浦
3889,考量
3890,兴业银行
3891,合法权利
3892,回函
3893,信访局
3894,破产法
3895,要素
3896,签定
3897,远端
3898,修造厂
3899,贤明
3900,未来
3901,归纳
3902,承接
3903,情节
3904,任用
3905,元计
3906,电碳
3907,海龙
3908,紫阳
3909,压缩性
3910,交付给
3911,全责
3912,财政拨款
3913,富士达
3914,监控
3915,大街
3916,危害
3917,锁骨
3918,随意
3919,取内
3920,关键
3921,推荐
3922,续保
3923,整天
3924,痕迹
3925,有所
3926,恳请
3927,永昌
3928,模式
3929,东劳
3930,团队
3931,机
3932,朋友
3933,遗留问题
3934,救护车
3935,金利
3936,尔
3937,脱位
3938,当然
3939,调价
3940,讲
3941,中国电信
3942,本息
3943,人民保险
3944,亚洲
3945,怎么
3946,表达
3947,年前
3948,管家
3949,人力资源部
3950,务工
3951,服务站
3952,花木兰
3953,甘肃
3954,事务所律师
3955,之妻
3956,史密斯
3957,优先级
3958,发生变化
3959,虽对
3960,第三次
3961,厂长
3962,所驾
3963,录像
3964,前部
3965,飞亚
3966,投放
3967,供销合作
3968,骨
3969,机器
3970,重大过失
3971,由该
3972,高中
3973,审结
3974,罢工
3975,故障
3976,个别
3977,规费
3978,互为
3979,距离
3980,有违
3981,待聘
3982,供
3983,书刊
3984,中旬
3985,仅限于
3986,确诊
3987,空调
3988,短期
3989,人事科
3990,履历表
3991,大饭店
3992,执字
3993,物质
3994,管理权限
3995,流程
3996,虽经
3997,增值税
3998,佣金
3999,开除公职
4000,因伤致
4001,不但
4002,天恩
4003,选调
4004,弥补
4005,查
4006,禅大
4007,第三组
4008,凤台
4009,募集
4010,摔
4011,无视
4012,规模
4013,权属
4014,惯例
4015,验收
4016,受诉
4017,不签
4018,种植
4019,兴宁
4020,植物园
4021,预
4022,表格
4023,吉利
4024,全日制
4025,奇
4026,饮料
4027,复工
4028,抚州
4029,防止
4030,泰安
4031,程
4032,六种
4033,迈特
4034,牌照
4035,黑
4036,行至
4037,怀柔
4038,凡是
4039,因无
4040,主合同
4041,至定
4042,聘为
4043,开关
4044,规范性
4045,先进
4046,分离
4047,压缩
4048,工程建设
4049,原名
4050,东营
4051,版
4052,法定继承
4053,手中
4054,合约
4055,铝业
4056,必要性
4057,专项资金
4058,固定资产
4059,肌力
4060,充分证明
4061,活动中心
4062,迈斯特
4063,种粮
4064,踝关节
4065,展览
4066,在场
4067,登记卡
4068,财发
4069,存放
4070,征得
4071,自谋职业
4072,钢材
4073,职时
4074,年内
4075,不用
4076,立新
4077,代替
4078,煤电
4079,桃园
4080,动物
4081,具状
4082,三是
4083,自觉
4084,国家财政部
4085,笔迹
4086,更改
4087,立
4088,无不
4089,转运
4090,独立核算
4091,勘察
4092,纸业
4093,缓交
4094,船
4095,奇瑞
4096,驶至
4097,车物
4098,房改
4099,试用
4100,美翼
4101,秋林
4102,撤销权
4103,绿州
4104,内交
4105,药业
4106,日本
4107,不够
4108,元过
4109,抚养
4110,金陵
4111,乘以
4112,标的物
4113,中级法院
4114,架势
4115,海燕
4116,意在
4117,姬脉
4118,第二天
4119,第四十五
4120,位置
4121,隋
4122,期权
4123,肾
4124,泰瑞
4125,橡胶厂
4126,考核办法
4127,第九十二
4128,应急
4129,奚青
4130,学
4131,借条
4132,群升
4133,食品厂
4134,卫生事业
4135,轻工
4136,行政处分
4137,拍摄
4138,组织部
4139,分店
4140,离休
4141,月薪
4142,牧业
4143,焦作
4144,水运
4145,九方
4146,轮椅
4147,出版
4148,轮胎
4149,农机
4150,上述情况
4151,制动
4152,头皮
4153,浦路
4154,运作
4155,物价局
4156,笔
4157,改正
4158,肥料
4159,评为
4160,处为
4161,生物制品
4162,月华
4163,房款
4164,单上
4165,元申
4166,国办发
4167,共管
4168,银
4169,国寿
4170,联保
4171,售房
4172,中原
4173,不要
4174,顺序
4175,蒙
4176,突发
4177,框架
4178,京南
4179,电子元件
4180,全资
4181,刘晓
4182,房东
4183,四人
4184,受让方
4185,胎儿
4186,装载
4187,归属
4188,驶入
4189,核减
4190,现为
4191,胸部
4192,一金
4193,备查
4194,诚信
4195,考勤制度
4196,演员
4197,拿到
4198,也就是说
4199,已达成
4200,挑战
4201,反应
4202,小龙
4203,警察
4204,万股
4205,无过错
4206,零售
4207,正本
4208,湖坊
4209,仍为
4210,长江
4211,乡政府
4212,万卷
4213,二者
4214,借口
4215,某所
4216,家园
4217,人未
4218,杂志社
4219,分期
4220,因系
4221,违纪行为
4222,机电设备
4223,汽配
4224,传播
4225,汽车空调
4226,字迹
4227,卡号
4228,等经
4229,餐费
4230,财务顾问
4231,甲车
4232,该起
4233,违法违纪
4234,尚应
4235,工友
4236,无论是
4237,借给
4238,在外
4239,激励
4240,经济效益
4241,日生
4242,管理工作
4243,提及
4244,日产
4245,上岗证
4246,提升
4247,应是
4248,地质
4249,中国科学院
4250,通常
4251,路西
4252,监狱
4253,上级部门
4254,增发
4255,论文
4256,正是
4257,薪金
4258,为何
4259,排水
4260,条据
4261,担保人
4262,查看
4263,行业标准
4264,预支
4265,水利局
4266,可知
4267,起始
4268,我局
4269,未获
4270,省级
4271,栋
4272,登报
4273,办公会
4274,独生子女证
4275,巨创
4276,初级中学
4277,引用
4278,持有人
4279,从原
4280,总和
4281,周甲
4282,斯玛
4283,宣传部
4284,尾部
4285,急救中心
4286,表上
4287,鹏科
4288,六安
4289,多方
4290,串通
4291,分钟
4292,停缴
4293,优先购买
4294,借
4295,支
4296,留下
4297,愈合
4298,晋
4299,定性
4300,重大损失
4301,颅骨
4302,金矿
4303,详情
4304,花去
4305,本地
4306,台励
4307,饮酒
4308,转款
4309,分案
4310,粤北
4311,导购
4312,地面
4313,计款
4314,港航
4315,周宇闻
4316,有过
4317,限定
4318,调配
4319,中化
4320,因故
4321,桡骨
4322,管理站
4323,好转
4324,不向
4325,缴
4326,范院
4327,除此之外
4328,蒋述
4329,暂行条例
4330,呼兰
4331,妇产科
4332,常规
4333,种
4334,拒付
4335,巨龙
4336,招录
4337,无条件
4338,人处
4339,教师法
4340,讲师
4341,真实有效
4342,案经
4343,古今
4344,暂计
4345,承包期
4346,三政
4347,注
4348,耿保恒
4349,中间
4350,调至
4351,汉族
4352,前手
4353,意向
4354,购销
4355,承
4356,宏禹
4357,附表
4358,劳仲
4359,嘉亿
4360,航班
4361,日及
4362,之下
4363,工具
4364,搭建
4365,创伤性
4366,月末
4367,断裂
4368,淮南
4369,从来
4370,军队
4371,吊车
4372,烟草
4373,兼职
4374,定金
4375,电话费
4376,恒锦
4377,不宜
4378,批示
4379,五十五
4380,学年
4381,签合同
4382,暑假
4383,第四组
4384,房屋产权
4385,上浮
4386,转包
4387,警示
4388,乐
4389,故此
4390,课题
4391,周朝
4392,系原
4393,精神损失
4394,以该
4395,资金来源
4396,抗诉
4397,返聘
4398,卫某
4399,证据规则
4400,衙镇
4401,种种
4402,海汇
4403,某局
4404,印鉴
4405,客观性
4406,择业
4407,登记注册
4408,心脏
4409,征求
4410,赛
4411,中秋节
4412,单及
4413,发起人
4414,巨力
4415,夫永
4416,振阳
4417,计件
4418,灵活
4419,少发
4420,基价
4421,检修
4422,精密
4423,说明书
4424,福田
4425,乐途
4426,工银
4427,回原
4428,本年度
4429,力木
4430,医疗器械
4431,借支
4432,装备
4433,破坏
4434,病退
4435,金亭
4436,民办非
4437,工学院
4438,指数
4439,合同规定
4440,邯郸
4441,浩康
4442,洪铺
4443,栗刚
4444,坠落
4445,迟到
4446,买
4447,流水
4448,检验费
4449,部长
4450,担保责任
4451,聘书
4452,转帐
4453,腰椎间盘
4454,某林
4455,首期
4456,补订
4457,指向
4458,集体经济
4459,阐述
4460,月均
4461,水电费
4462,少于
4463,资本金
4464,会诊
4465,休息时间
4466,分院
4467,良友
4468,进修
4469,回国
4470,骨科
4471,大华
4472,海利
4473,四份
4474,参考
4475,制品
4476,然后
4477,菊
4478,相当
4479,保持
4480,编
4481,六级
4482,诚鑫
4483,所说
4484,女职工
4485,展厅
4486,食堂
4487,非农
4488,避免
4489,中国人民解放军
4490,家人
4491,票号
4492,首次
4493,停业
4494,代码
4495,元整
4496,设备厂
4497,制药
4498,五元
4499,不可
4500,东城
4501,甚至
4502,两位
4503,手术费
4504,时系
4505,发函
4506,监事
4507,摔倒
4508,无误
4509,药物
4510,后勤
4511,领
4512,针织
4513,供应
4514,查勘
4515,日该
4516,表决
4517,民主
4518,下班
4519,依然
4520,紫金
4521,锦江
4522,江城
4523,俱乐部
4524,皮肤
4525,安家费
4526,加重
4527,减去
4528,国内
4529,所负
4530,补签
4531,黄金
4532,国人
4533,手段
4534,招工
4535,视同
4536,临
4537,失控
4538,钢铁
4539,配置
4540,症状
4541,图书馆
4542,大小
4543,修理厂
4544,中茂
4545,电视
4546,绿化
4547,实际工资
4548,骨质增生
4549,天河
4550,随
4551,不断
4552,事故现场
4553,工资福利
4554,套
4555,纪委
4556,石化
4557,缺损
4558,这份
4559,异常
4560,青鸟
4561,鲜明
4562,继承人
4563,昆仑
4564,几个
4565,永
4566,过长
4567,四海
4568,良种
4569,中午
4570,免去
4571,铁路
4572,专科医院
4573,接触
4574,预缴
4575,建筑安装
4576,待证
4577,张田硕
4578,出资人
4579,买断
4580,五金厂
4581,更正
4582,怠于
4583,带薪休假
4584,直行
4585,监察
4586,结婚证
4587,西瓜
4588,凌国程
4589,后遗
4590,预付款
4591,管理所
4592,葛
4593,校
4594,平台
4595,胫骨
4596,泰康
4597,存根
4598,京工
4599,季明
4600,行政诉讼
4601,部发
4602,超额
4603,汇报
4604,国务院办公厅
4605,技工学校
4606,怀孕
4607,护栏
4608,最高院
4609,叫
4610,财富
4611,村委
4612,上半年
4613,需向
4614,尊重
4615,美力
4616,提前退休
4617,救助
4618,其是
4619,总量
4620,系列
4621,在册
4622,外地
4623,平车
4624,山路
4625,人伤
4626,双侧
4627,拯救
4628,仙峰
4629,居委会
4630,同安
4631,负之款
4632,陈路
4633,车头
4634,残疾人
4635,曾多次
4636,防卫
4637,律师函
4638,教授
4639,汇总
4640,在城镇
4641,复杂
4642,顾某
4643,海涛
4644,下落不明
4645,元应
4646,平安财
4647,膝关节
4648,劳动和社会保障部
4649,伟
4650,租房
4651,总监
4652,拿
4653,税务
4654,舞台
4655,公共交通
4656,过失
4657,城关
4658,建筑面积
4659,书画院
4660,申请单
4661,此前
4662,仓储
4663,撞伤
4664,右手
4665,园
4666,保洁
4667,常洼
4668,有限
4669,想
4670,申领
4671,署名
4672,沿路
4673,肢体
4674,五金
4675,甲乙双方
4676,特征
4677,日间
4678,实为
4679,应缴
4680,任何一方
4681,按约
4682,消费性
4683,广之旅
4684,赋予
4685,高血压
4686,专户
4687,赔礼道歉
4688,计薪
4689,京西
4690,友信
4691,武鸣
4692,按责
4693,反而
4694,名誉
4695,长城
4696,三轮
4697,变卖
4698,信用
4699,两种
4700,责任人
4701,补偿费
4702,暂
4703,暂时
4704,东林
4705,雷
4706,各级
4707,倒车
4708,时集
4709,实发
4710,撞倒
4711,一律
4712,护士
4713,血站
4714,尸检
4715,追索权
4716,休假日
4717,离休干部
4718,披露
4719,账目
4720,远远
4721,经销部
4722,存档
4723,东盟
4724,方庄
4725,仅凭
4726,民事法律
4727,竞业
4728,调到
4729,周期
4730,乘
4731,技术开发
4732,打工
4733,含义
4734,标段
4735,三张
4736,顾问费
4737,周素
4738,监督管理
4739,农村户口
4740,农民工
4741,出于
4742,汇至
4743,戴
4744,流动
4745,海润
4746,塑料板
4747,年间
4748,绝对
4749,修订
4750,超声
4751,银行贷款
4752,你们
4753,合法经营
4754,合同工
4755,台升
4756,空白
4757,准确
4758,汽车保险
4759,倒地
4760,中科院
4761,办理手续
4762,遗产
4763,同济
4764,一系列
4765,连云港
4766,交回
4767,固定收入
4768,遭
4769,公务员法
4770,伍
4771,做法
4772,调转
4773,股骨
4774,时应
4775,通讯
4776,兴大
4777,自负盈亏
4778,范
4779,进口
4780,负本
4781,伴
4782,知情
4783,当中
4784,已有
4785,园林工程
4786,申请理由
4787,五人
4788,恰当
4789,护林员
4790,延期
4791,实物
4792,汽车修理
4793,委
4794,顺德
4795,层
4796,其父
4797,消防
4798,京朝
4799,劳仲字
4800,报告单
4801,保典
4802,分摊
4803,至上
4804,基础性
4805,涉嫌
4806,病案
4807,义商
4808,线路
4809,职位
4810,十三
4811,事假
4812,用人
4813,制衣
4814,工商行政
4815,最长
4816,恰恰
4817,非因
4818,日历
4819,抚养费
4820,幢
4821,较为
4822,高压
4823,急诊
4824,卷宗
4825,年终奖金
4826,十二
4827,生化
4828,管
4829,公告费
4830,凡
4831,开封
4832,前置
4833,缴交
4834,交汇
4835,有期徒刑
4836,国际贸易
4837,文明
4838,费及
4839,两者
4840,良
4841,群体
4842,假日
4843,鼓励
4844,病故
4845,两笔
4846,该处
4847,电站
4848,劳动保护
4849,华润
4850,奖惩
4851,打入
4852,财物
4853,固泰
4854,成本费用
4855,不力
4856,不少
4857,日原
4858,认同
4859,陆续
4860,商品
4861,经原
4862,成果
4863,境内
4864,报到
4865,纪大
4866,知悉
4867,鉴定中心
4868,院内
4869,诚实信用
4870,领导小组
4871,无偿
4872,优艺
4873,黄洋
4874,分支机构
4875,丙
4876,状
4877,文体局
4878,居住证
4879,醉酒
4880,路南
4881,成就
4882,判定
4883,上缴
4884,人民检察院
4885,特曲
4886,乐萌
4887,机械设备
